73240
47232
53573
80605
88547
78676
65032
47869
43157
07015
55922
16139
08707
59766
81207
78179
54468
95124
64953
12440
25072
81924
26147
44680
79875
89216
44679
73660
97536
95304
82867
46429
52528
23066
51156
83367
74563
30740
32803
50348
02932
58738
70701
63738
46599
58201
85096
78447
47457
65786
26688
29794
11494
05075
56591
01918
06440
04189
57444
67294
43369
96399
86201
11515
52651
74469
70374
92586
70127
12745
45004
16444
77835
66473
44539
95266
02101
12080
09778
34715
93670
70072
04242
53797
87796
27452
48199
77075
10592
45900
61343
31835
34635
70499
66221
83655
95238
08405
61847
55693
97599
81705
50368
93148
67464
08059
45226
10563
16012
81565
85695
21013
89072
15059
50575
60157
90175
49812
60074
19732
73793
14381
68292
93188
62343
65151
23847
79154
29493
29871
07111
36615
59101
10089
31918
84578
38533
77418
40648
55835
18650
23026
75291
81514
14348
08905
14249
57780
77515
36432
93966
55084
56888
23590
38370
10077
89097
14572
58885
47741
50075
51837
13110
71077
75242
69940
22887
13265
64141
27919
64416
43202
91100
35081
41515
32691
25745
30247
92989
54993
17786
54528
98637
54502
06000
97997
75509
19683
98050
10432
07733
09405
81637
83060
18695
80677
86286
47213
86892
58284
09780
88788
50414
88649
86572
72740
52707
97220
64775
28877
35504
15116
61565
25711
29588
24597
88737
75705
80343
43343
40758
41973
35226
11151
77215
54006
96935
27414
59358
11481
64758
77890
46275
51661
68329
69818
53568
76572
69329
86751
57452
66395
85831
03494
94530
29392
81796
45047
47707
15309
21145
88755
22090
92898
04286
88106
33082
51236
54233
56891
74302
18905
70509
43739
74298
78312
20325
35014
45315
71576
47783
35417
91013
97659
27233
41770
20113
43452
50894
59036
67595
10968
88219
25481
31289
50235
79307
97502
27159
87070
02227
13074
16560
05838
36343
15557
05286
14153
22711
58300
60296
95979
16814
92466
41655
55910
68289
70017
62022
90534
09909
74696
67292
72801
87112
17439
27154
43393
91256
36016
88650
68325
49643
48926
72810
68945
81839
88904
86162
50706
15757
97531
56715
73819
40408
17870
34383
89930
11405
93370
14770
60013
34876
71665
89941
68288
63258
09595
25352
59872
97248
21861
82506
17952
40614
13978
82650
84876
53701
62793
09736
23202
38501
93205
29832
19407
23126
78760
98103
75168
59310
94032
09388
61713
38260
30825
02522
74179
03694
83119
84866
42604
76079
25738
33222
49406
84103
89317
39723
74145
92122
69860
73579
52753
22354
71167
40736
46705
50865
88707
31684
60900
02861
69380
53201
23041
46404
79206
72951
85251
08519
05239
24179
25079
76577
71117
40302
54957
28579
31863
99366
60443
00494
60748
28012
46312
45541
36477
08089
25545
41381
78487
74079
57578
76909
40296
75853
35367
08554
95947
05609
40917
91821
96104
77511
09208
54911
66886
81846
89816
08945
46496
83466
61728
46748
23537
92198
76177
87963
64656
68324
31378
54421
55798
68133
79223
50890
91324
23842
15315
56919
43150
73050
13806
65482
07485
87973
71648
47388
01768
00567
54287
83621
04357
89586
36124
63356
12709
84287
86135
22381
54312
34512
22112
53637
13945
47278
19192
86777
31708
46841
37187
04154
90092
80361
65594
08255
02911
97737
94922
70446
46286
85047
27183
31932
64109
02682
17468
10808
11030
57983
95597
36542
08028
06628
99794
79290
62654
88538
15780
88777
33277
92257
65238
81396
27385
86252
70251
37291
25754
50558
19137
07121
65194
35086
02513
98754
04770
56285
68245
78082
88413
43093
43086
82486
91539
01448
08998
16096
89007
68425
67988
34453
99280
80235
89112
94100
51069
74234
25515
28310
77581
32338
69791
35672
54385
40057
11077
00222
07035
33831
61888
76241
00799
51246
13585
62837
53806
59240
13866
74719
92745
96432
20722
19347
77351
79945
81673
62307
12446
66274
43593
37046
01774
83906
25788
97476
25982
12688
16584
10387
25099
86676
80277
75104
09513
24868
07289
57760
18306
82731
09236
62306
19681
40118
62724
65648
21847
84223
28977
39254
47287
20888
81252
17098
59857
87267
83329
30970
28386
89850
23894
99240
61273
15024
18710
38233
72041
56153
02197
23933
23823
28556
10457
02768
50684
44699
71446
60906
71381
55601
31974
10547
08736
00682
35058
33421
01088
37610
66219
40577
16335
99505
56736
46929
68470
08542
36263
76561
96691
04995
01819
15718
29692
75341
52584
98645
07299
86801
05408
81027
80967
55098
34853
97228
55862
08647
97576
12484
46576
44021
54261
30704
74578
87993
70199
93620
42342
97833
75000
02169
91160
95173
73713
73330
17915
49489
67358
41605
35109
41339
41696
91980
06957
96336
04586
09274
43582
53689
14034
01403
82522
95800
30842
95694
86272
95902
94740
67569
43082
63313
38847
07711
00932
94439
34128
57924
35500
71663
35508
36845
44695
87896
42288
68301
09020
54399
31821
70944
34507
95100
28080
19041
08130
06601
55095
47976
09199
66784
91861
85445
05481
53180
92963
37833
42521
22145
32739
66333
76915
05862
71414
71219
21594
49211
08949
40973
85050
48946
47641
46049
84591
57991
17058
31097
30755
60518
71567
24067
03527
68764
94840
37563
83887
96037
56095
73682
01741
02532
79733
38491
16443
56644
42855
05985
20686
82081
48779
27949
29217
41191
54306
73509
51901
42362
44436
88629
56828
66514
57295
57639
64447
51592
17304
50682
28642
54212
45383
58320
39646
25904
91355
86738
16496
07278
44742
35412
85760
05064
26570
32308
15717
07067
62447
37399
15183
66364
57706
83100
45699
58066
88367
68078
91125
71790
28790
39680
19796
47839
99022
26705
52656
09013
22664
29809
35922
49041
92323
29407
10267
59723
20771
14262
73105
26720
41186
09490
31909
74308
89022
50873
96391
05438
17391
09821
84907
30688
83816
96024
11835
12794
98104
45343
97754
34473
42134
32238
65841
25669
13851
43972
78936
78097
36076
49595
90744
20059
33252
99830
65822
33937
29891
15333
00873
93783
69555
67008
75185
70351
92183
06172
07569
22585
67201
56642
43437
83744
14616
33297
83560
76103
54517
24724
99724
46802
90694
14370
99986
10794
86298
65365
74041
47803
71709
17456
88630
70316
33108
55723
37566
18923
07558
07605
70482
34508
89933
02638
60411
65188
67419
35230
55106
44029
24250
67992
97611
52078
24685
92578
99045
94594
60472
65076
43781
07592
43720
84816
75496
77984
43407
13320
78325
64987
87121
75504
92617
90601
13440
36125
45130
