7324
0472
3253
5738
0605
8854
7786
7665
0324
7869
4315
7070
1555
9221
6139
0870
7597
6681
2077
8179
5446
8951
2464
9531
2440
2507
2819
2426
1474
4680
7987
5892
1644
6797
3660
9753
6953
0482
8674
6429
5252
8230
6651
1568
3367
7456
3307
4032
8035
0348
0293
2587
3870
7016
3738
4659
9582
0185
0967
8447
4745
7657
8626
6882
9794
1149
4050
7556
5910
1918
0644
0041
8957
4446
7294
4336
9963
9986
2011
1515
5265
1744
6970
3749
2586
7012
7127
4545
6444
7783
5664
7344
5399
5266
0210
1120
8009
4715
9367
0700
